16 5 7
2 2 1 1 0 2 1 1 1 1 1 1 0 0 1 1
1 0 1 1 1 0 1 0 1 1 1 0 1 1 1 1
0 1 1 1 1 0 1 1 1 0 1 1 1 1 1 1
1 1 0 1 1 1 1 0 1 0 1 1 1 2 1 0
1 1 1 1 1 1 1 1 0 0 0 1 1 1 0 1
1 1 1 1 0 0 1 1 1 1 1 1 1 0 1 1
1 1 1 1 1 1 1 1 1 1 1 1 1 1 1 1
1 1 1 0 1 1 1 1 1 1 1 0 1 1 1 0
1 1 1 1 1 1 1 0 1 1 1 1 0 1 1 0
1 0 0 1 1 1 0 1 1 1 1 1 1 1 1 1
1 1 1 0 1 1 1 1 1 0 1 1 1 1 1 1
1 1 1 1 1 0 1 1 1 1 0 1 1 1 1 1
1 1 0 1 1 1 1 1 0 1 1 1 1 1 1 1
1 1 1 1 1 1 1 1 1 1 1 1 1 1 1 1
1 0 2 1 1 1 1 1 1 0 0 1 0 1 1 1
1 1 0 0 1 1 1 1 1 0 1 1 0 1 1 1
1 2 4 0 13 2
2 1 7 9
4 2 6 2 12 13
5 2 1 8 13 11
7 1 7 0